point1:
  orientation:
    w: 0.7023963191061207
    x: 0.0
    y: 0.0
    z: 0.7117860710256788
  position:
    x: 2.733781317808546
    y: 1.5414046805136372
    z: 0.0
point2:
  orientation:
    w: 0.770591018975719
    x: 0.0
    y: 0.0
    z: -0.6373299627931854
  position:
    x: 15.554288417899429
    y: -2.29129648538567
    z: 0.0
